b[0] = 1.000000
b[1] = 1.000000
b[2] = 1.000000
b[3] = 1.000000
b[4] = 1.000000
b[5] = 1.000000
b[6] = 1.000000
b[7] = 1.000000
b[8] = 1.000000
